2448 3264 0 0 0 0 0 0 0 0 808.0 272.0 331.0 102.0 221.0 251.0 476.0 76.0 1364.0 291.5 268.0 89.0 1000
2448 3264 0 0 0 0 808.0 272.0 331.0 102.0 221.0 251.0 476.0 76.0 1364.0 291.5 268.0 89.0 94.0 797.0 590.0 192.0 1000				
2448 3264 808.0 272.0 331.0 102.0 221.0 251.0 476.0 76.0 1364.0 291.5 268.0 89.0 94.0 797.0 590.0 192.0 242.0 1028.5 1407.0 161.0 1000
2448 3264 221.0 251.0 476.0 76.0 1364.0 291.5 268.0 89.0 94.0 797.0 590.0 192.0 242.0 1028.5 1407.0 161.0 115.0 1358.0 829.0 182.0 5000
2448 3264 1364.0 291.5 268.0 89.0 94.0 797.0 590.0 192.0 242.0 1028.5 1407.0 161.0 115.0 1358.0 829.0 182.0 115.0 1389.5 51.0 51.0 9000
2448 3264 94.0 797.0 590.0 192.0 242.0 1028.5 1407.0 161.0 115.0 1358.0 829.0 182.0 115.0 1389.5 51.0 51.0 281.0 1575.0 2048.0 140.0 5000
2448 3264 242.0 1028.5 1407.0 161.0 115.0 1358.0 829.0 182.0 115.0 1389.5 51.0 51.0 281.0 1575.0 2048.0 140.0 208.0 1872.0 893.0 174.0 1000
2448 3264 115.0 1358.0 829.0 182.0 115.0 1389.5 51.0 51.0 281.0 1575.0 2048.0 140.0 208.0 1872.0 893.0 174.0 217.0 2072.0 2048.0 132.0 9000
2448 3264 115.0 1389.5 51.0 51.0 281.0 1575.0 2048.0 140.0 208.0 1872.0 893.0 174.0 217.0 2072.0 2048.0 132.0 145.0 2359.0 667.0 144.0 5000
2448 3264 281.0 1575.0 2048.0 140.0 208.0 1872.0 893.0 174.0 217.0 2072.0 2048.0 132.0 145.0 2359.0 667.0 144.0 281.0 2554.5 2065.0 145.0 9000
2448 3264 208.0 1872.0 893.0 174.0 217.0 2072.0 2048.0 132.0 145.0 2359.0 667.0 144.0 281.0 2554.5 2065.0 145.0 162.0 2843.5 794.0 187.0 5000
2448 3264 217.0 2072.0 2048.0 132.0 145.0 2359.0 667.0 144.0 281.0 2554.5 2065.0 145.0 162.0 2843.5 794.0 187.0 162.0 2856.0 42.0 42.0 9000
2448 3264 145.0 2359.0 667.0 144.0 281.0 2554.5 2065.0 145.0 162.0 2843.5 794.0 187.0 162.0 2856.0 42.0 42.0 251.0 2990.0 1198.0 98.0 5000
2448 3264 281.0 2554.5 2065.0 145.0 162.0 2843.5 794.0 187.0 162.0 2856.0 42.0 42.0 251.0 2990.0 1198.0 98.0 0 0 0 0
2448 3264 162.0 2843.5 794.0 187.0 162.0 2856.0 42.0 42.0 251.0 2990.0 1198.0 98.0 0 0 0 0 0 0 0 0 9000