1 720 1560 0 0 0 0 529.0 31.0 143.0 22.0 49.0 33.0 124.0 28.0 spam			
1 720 1560 529.0 31.0 143.0 22.0 49.0 33.0 124.0 28.0 145.0 122.5 350.0 29.0 spam
1 720 1560 49.0 33.0 124.0 28.0 145.0 122.5 350.0 29.0 67.0 214.0 116.0 22.0 spam
1 720 1560 145.0 122.5 350.0 29.0 67.0 214.0 116.0 22.0 66.0 329.0 511.0 104.0 question
1 720 1560 67.0 214.0 116.0 22.0 66.0 329.0 511.0 104.0 67.0 507.5 93.0 23.0 answer
1 720 1560 66.0 329.0 511.0 104.0 67.0 507.5 93.0 23.0 66.0 637.0 561.0 136.0 question
1 720 1560 67.0 507.5 93.0 23.0 66.0 637.0 561.0 136.0 67.0 836.0 104.0 22.0 answer
1 720 1560 66.0 637.0 561.0 136.0 67.0 836.0 104.0 22.0 65.0 986.0 525.0 174.0 question
1 720 1560 67.0 836.0 104.0 22.0 65.0 986.0 525.0 174.0 67.0 1207.0 129.0 30.0 answer
1 720 1560 65.0 986.0 525.0 174.0 67.0 1207.0 129.0 30.0 66.0 1297.5 513.0 61.0 question
1 720 1560 67.0 1207.0 129.0 30.0 66.0 1297.5 513.0 61.0 265.0 1402.0 190.0 26.0 answer
1 720 1560 66.0 1297.5 513.0 61.0 265.0 1402.0 190.0 26.0 345.0 1512.5 32.0 31.0 spam
1 720 1560 265.0 1402.0 190.0 26.0 345.0 1512.5 32.0 31.0 0 0 0 0 spam
1 720 1560 0 0 0 0 529.0 30.5 109.0 23.0 49.0 33.0 125.0 30.0 spam
1 720 1560 529.0 30.5 109.0 23.0 49.0 33.0 125.0 30.0 139.0 124.0 387.0 40.0 spam
1 720 1560 49.0 33.0 125.0 30.0 139.0 124.0 387.0 40.0 67.0 213.5 69.0 23.0 spam
1 720 1560 139.0 124.0 387.0 40.0 67.0 213.5 69.0 23.0 65.0 325.5 546.0 99.0 question
1 720 1560 67.0 213.5 69.0 23.0 65.0 325.5 546.0 99.0 67.0 505.5 112.0 27.0 answer
1 720 1560 65.0 325.5 546.0 99.0 67.0 505.5 112.0 27.0 67.0 579.5 257.0 23.0 question
1 720 1560 67.0 505.5 112.0 27.0 67.0 579.5 257.0 23.0 66.0 721.0 354.0 22.0 answer
1 720 1560 67.0 579.5 257.0 23.0 66.0 721.0 354.0 22.0 66.0 798.0 240.0 28.0 question
1 720 1560 66.0 721.0 354.0 22.0 66.0 798.0 240.0 28.0 67.0 936.5 164.0 27.0 answer
1 720 1560 66.0 798.0 240.0 28.0 67.0 936.5 164.0 27.0 66.0 1030.5 507.0 61.0 question
1 720 1560 67.0 936.5 164.0 27.0 66.0 1030.5 507.0 61.0 66.0 1191.5 86.0 25.0 answer
1 720 1560 66.0 1030.5 507.0 61.0 66.0 1191.5 86.0 25.0 65.0 1268.0 330.0 28.0 question
1 720 1560 66.0 1191.5 86.0 25.0 65.0 1268.0 330.0 28.0 265.0 1402.0 190.0 26.0 answer
1 720 1560 65.0 1268.0 330.0 28.0 265.0 1402.0 190.0 26.0 343.0 1512.5 34.0 31.0 spam
1 720 1560 265.0 1402.0 190.0 26.0 343.0 1512.5 34.0 31.0 0 0 0 0 spam
1 720 1560 0 0 0 0 529.0 31.0 109.0 26.0 49.0 31.0 125.0 26.0 spam
1 720 1560 529.0 31.0 109.0 26.0 49.0 31.0 125.0 26.0 147.0 126.0 377.0 36.0 spam
1 720 1560 49.0 31.0 125.0 26.0 147.0 126.0 377.0 36.0 66.0 278.0 201.0 22.0 spam
1 720 1560 147.0 126.0 377.0 36.0 66.0 278.0 201.0 22.0 66.0 355.5 228.0 31.0 question
1 720 1560 66.0 278.0 201.0 22.0 66.0 355.5 228.0 31.0 66.0 495.0 216.0 20.0 answer
1 720 1560 66.0 355.5 228.0 31.0 66.0 495.0 216.0 20.0 66.0 571.0 380.0 28.0 question
1 720 1560 66.0 495.0 216.0 20.0 66.0 571.0 380.0 28.0 65.0 712.0 100.0 28.0 answer
1 720 1560 66.0 571.0 380.0 28.0 65.0 712.0 100.0 28.0 65.0 787.0 152.0 28.0 question
1 720 1560 65.0 712.0 100.0 28.0 65.0 787.0 152.0 28.0 65.0 926.5 76.0 21.0 answer
1 720 1560 65.0 787.0 152.0 28.0 65.0 926.5 76.0 21.0 66.0 1003.0 141.0 28.0 question
1 720 1560 65.0 926.5 76.0 21.0 66.0 1003.0 141.0 28.0 66.0 1144.0 167.0 30.0 answer
1 720 1560 66.0 1003.0 141.0 28.0 66.0 1144.0 167.0 30.0 65.0 1218.5 186.0 29.0 question
1 720 1560 66.0 1144.0 167.0 30.0 65.0 1218.5 186.0 29.0 265.0 1402.0 190.0 26.0 answer
1 720 1560 65.0 1218.5 186.0 29.0 265.0 1402.0 190.0 26.0 344.0 1510.0 33.0 32.0 spam
1 720 1560 265.0 1402.0 190.0 26.0 344.0 1510.0 33.0 32.0 0 0 0 0 spam
1 720 1560 0 0 0 0 529.0 31.0 143.0 22.0 49.0 33.0 124.0 28.0 spam
1 720 1560 529.0 31.0 143.0 22.0 49.0 33.0 124.0 28.0 145.0 122.5 350.0 29.0 spam
1 720 1560 49.0 33.0 124.0 28.0 145.0 122.5 350.0 29.0 67.0 214.0 116.0 22.0 spam
1 720 1560 145.0 122.5 350.0 29.0 67.0 214.0 116.0 22.0 66.0 329.0 511.0 104.0 question
1 720 1560 67.0 214.0 116.0 22.0 66.0 329.0 511.0 104.0 67.0 507.5 93.0 23.0 answer
1 720 1560 66.0 329.0 511.0 104.0 67.0 507.5 93.0 23.0 66.0 637.0 561.0 136.0 question
1 720 1560 67.0 507.5 93.0 23.0 66.0 637.0 561.0 136.0 67.0 836.0 104.0 22.0 answer
1 720 1560 66.0 637.0 561.0 136.0 67.0 836.0 104.0 22.0 65.0 986.0 525.0 174.0 question
1 720 1560 67.0 836.0 104.0 22.0 65.0 986.0 525.0 174.0 67.0 1207.0 129.0 30.0 answer
1 720 1560 65.0 986.0 525.0 174.0 67.0 1207.0 129.0 30.0 66.0 1297.5 513.0 61.0 question
1 720 1560 67.0 1207.0 129.0 30.0 66.0 1297.5 513.0 61.0 265.0 1402.0 190.0 26.0 answer
1 720 1560 66.0 1297.5 513.0 61.0 265.0 1402.0 190.0 26.0 345.0 1512.5 32.0 31.0 spam
1 720 1560 265.0 1402.0 190.0 26.0 345.0 1512.5 32.0 31.0 0 0 0 0 spam
1 720 1560 0 0 0 0 50.0 48.0 68.0 20.0 146.0 121.5 193.0 33.0 spam
1 720 1560 50.0 48.0 68.0 20.0 146.0 121.5 193.0 33.0 65.0 180.5 246.0 13.0 spam
1 720 1560 146.0 121.5 193.0 33.0 65.0 180.5 246.0 13.0 66.0 219.0 400.0 34.0 spam
1 720 1560 65.0 180.5 246.0 13.0 66.0 219.0 400.0 34.0 518.0 313.0 104.0 28.0 spam
1 720 1560 66.0 219.0 400.0 34.0 518.0 313.0 104.0 28.0 33.0 314.0 86.0 24.0 spam
1 720 1560 518.0 313.0 104.0 28.0 33.0 314.0 86.0 24.0 67.0 414.0 97.0 22.0 spam
1 720 1560 33.0 314.0 86.0 24.0 67.0 414.0 97.0 22.0 65.0 507.5 507.0 61.0 question
1 720 1560 67.0 414.0 97.0 22.0 65.0 507.5 507.0 61.0 66.0 668.0 87.0 22.0 answer
1 720 1560 65.0 507.5 507.0 61.0 66.0 668.0 87.0 22.0 66.0 744.0 191.0 26.0 question
1 720 1560 66.0 668.0 87.0 22.0 66.0 744.0 191.0 26.0 65.0 886.5 99.0 27.0 answer
1 720 1560 66.0 744.0 191.0 26.0 65.0 886.5 99.0 27.0 65.0 961.0 234.0 28.0 question
1 720 1560 65.0 886.5 99.0 27.0 65.0 961.0 234.0 28.0 66.0 1102.0 116.0 30.0 answer
1 720 1560 65.0 961.0 234.0 28.0 66.0 1102.0 116.0 30.0 65.0 1177.0 430.0 28.0 question
1 720 1560 66.0 1102.0 116.0 30.0 65.0 1177.0 430.0 28.0 65.0 1316.5 114.0 23.0 answer
1 720 1560 65.0 1177.0 430.0 28.0 65.0 1316.5 114.0 23.0 265.0 1402.0 190.0 26.0 spam
1 720 1560 65.0 1316.5 114.0 23.0 265.0 1402.0 190.0 26.0 339.0 1513.0 32.0 34.0 spam
1 720 1560 265.0 1402.0 190.0 26.0 339.0 1513.0 32.0 34.0 0 0 0 0 spam
2 2448 3264 0 0 0 0 1.0 70.5 1057.0 81.0 1296.0 216.0 459.0 46.0 spam
2 2448 3264 1.0 70.5 1057.0 81.0 1296.0 216.0 459.0 46.0 38.0 504.5 2026.0 99.0 spam
2 2448 3264 1296.0 216.0 459.0 46.0 38.0 504.5 2026.0 99.0 2323.0 528.0 125.0 70.0 spam 	
2 2448 3264 38.0 504.5 2026.0 99.0 2323.0 528.0 125.0 70.0 56.0 591.0 110.0 48.0 spam
2 2448 3264 2323.0 528.0 125.0 70.0 56.0 591.0 110.0 48.0 402.0 792.5 269.0 45.0 spam
2 2448 3264 56.0 591.0 110.0 48.0 402.0 792.5 269.0 45.0 1288.0 816.0 965.0 68.0 question
2 2448 3264 402.0 792.5 269.0 45.0 1288.0 816.0 965.0 68.0 411.0 1052.5 308.0 45.0 answer
2 2448 3264 1288.0 816.0 965.0 68.0 411.0 1052.5 308.0 45.0 1285.0 1065.5 465.0 47.0 question
2 2448 3264 411.0 1052.5 308.0 45.0 1285.0 1065.5 465.0 47.0 226.0 1301.0 50.0 44.0 answer
2 2448 3264 1285.0 1065.5 465.0 47.0 226.0 1301.0 50.0 44.0 419.0 1304.0 177.0 44.0 spam
2 2448 3264 226.0 1301.0 50.0 44.0 419.0 1304.0 177.0 44.0 1282.0 1314.0 185.0 44.0 question
2 2448 3264 419.0 1304.0 177.0 44.0 1282.0 1314.0 185.0 44.0 429.0 1548.5 113.0 41.0 answer
2 2448 3264 1282.0 1314.0 185.0 44.0 429.0 1548.5 113.0 41.0 1279.0 1561.0 625.0 50.0 question
2 2448 3264 429.0 1548.5 113.0 41.0 1279.0 1561.0 625.0 50.0 436.0 1789.0 193.0 40.0 answer
2 2448 3264 1279.0 1561.0 625.0 50.0 436.0 1789.0 193.0 40.0 1276.0 1796.5 767.0 47.0 question
2 2448 3264 436.0 1789.0 193.0 40.0 1276.0 1796.5 767.0 47.0 250.0 2022.0 58.0 50.0 answer
2 2448 3264 1276.0 1796.5 767.0 47.0 250.0 2022.0 58.0 50.0 439.0 2028.0 303.0 48.0 spam
2 2448 3264 250.0 2022.0 58.0 50.0 439.0 2028.0 303.0 48.0 1274.0 2026.0 508.0 44.0 question
2 2448 3264 439.0 2028.0 303.0 48.0 1274.0 2026.0 508.0 44.0 114.0 2279.5 1099.0 55.0 answer
2 2448 3264 1274.0 2026.0 508.0 44.0 114.0 2279.5 1099.0 55.0 2291.0 2288.0 147.0 54.0 spam 
2 2448 3264 114.0 2279.5 1099.0 55.0 2291.0 2288.0 147.0 54.0 1270.0 2471.5 289.0 45.0 spam
2 2448 3264 2291.0 2288.0 147.0 54.0 1270.0 2471.5 289.0 45.0 264.0 2478.0 50.0 42.0 spam
2 2448 3264 1270.0 2471.5 289.0 45.0 264.0 2478.0 50.0 42.0 449.0 2477.0 135.0 40.0 question
2 2448 3264 264.0 2478.0 50.0 42.0 449.0 2477.0 135.0 40.0 0 0 0 0 answer
2 2448 3264 0 0 0 0 225.0 186.0 61.0 54.0 445.0 189.0 166.0 48.0 spam
2 2448 3264 225.0 186.0 61.0 54.0 445.0 189.0 166.0 48.0 1450.0 205.5 354.0 55.0 question
2 2448 3264 445.0 189.0 166.0 48.0 1450.0 205.5 354.0 55.0 223.0 486.5 416.0 73.0 answer
2 2448 3264 1450.0 205.5 354.0 55.0 223.0 486.5 416.0 73.0 1446.0 504.0 426.0 64.0 question
2 2448 3264 223.0 486.5 416.0 73.0 1446.0 504.0 426.0 64.0 462.0 784.5 406.0 59.0 answer
2 2448 3264 1446.0 504.0 426.0 64.0 462.0 784.5 406.0 59.0 1441.0 795.5 816.0 63.0 question
2 2448 3264 462.0 784.5 406.0 59.0 1441.0 795.5 816.0 63.0 254.0 1057.0 60.0 54.0 answer
2 2448 3264 1441.0 795.5 816.0 63.0 254.0 1057.0 60.0 54.0 469.0 1070.0 187.0 62.0 spam
2 2448 3264 254.0 1057.0 60.0 54.0 469.0 1070.0 187.0 62.0 1435.0 1077.5 844.0 63.0 question
2 2448 3264 469.0 1070.0 187.0 62.0 1435.0 1077.5 844.0 63.0 256.0 1337.5 74.0 49.0 answer
2 2448 3264 1435.0 1077.5 844.0 63.0 256.0 1337.5 74.0 49.0 480.0 1341.5 149.0 45.0 spam
2 2448 3264 256.0 1337.5 74.0 49.0 480.0 1341.5 149.0 45.0 1423.0 1354.5 894.0 57.0 question
2 2448 3264 480.0 1341.5 149.0 45.0 1423.0 1354.5 894.0 57.0 274.0 1608.0 56.0 48.0 answer
2 2448 3264 1423.0 1354.5 894.0 57.0 274.0 1608.0 56.0 48.0 1416.0 1667.5 850.0 151.0 spam
2 2448 3264 274.0 1608.0 56.0 48.0 1416.0 1667.5 850.0 151.0 487.0 1618.5 220.0 51.0 answer
2 2448 3264 1416.0 1667.5 850.0 151.0 487.0 1618.5 220.0 51.0 278.0 1960.0 71.0 52.0 question
2 2448 3264 487.0 1618.5 220.0 51.0 278.0 1960.0 71.0 52.0 1423.0 1968.0 597.0 60.0 spam
2 2448 3264 278.0 1960.0 71.0 52.0 1423.0 1968.0 597.0 60.0 495.0 1961.0 266.0 42.0 question
2 2448 3264 1423.0 1968.0 597.0 60.0 495.0 1961.0 266.0 42.0 1421.0 2218.0 525.0 44.0 answer
2 2448 3264 495.0 1961.0 266.0 42.0 1421.0 2218.0 525.0 44.0 286.0 2221.5 67.0 45.0 spam
2 2448 3264 1421.0 2218.0 525.0 44.0 286.0 2221.5 67.0 45.0 499.0 2224.5 243.0 59.0 question
2 2448 3264 286.0 2221.5 67.0 45.0 499.0 2224.5 243.0 59.0 1419.0 2477.0 716.0 50.0 answer
2 2448 3264 499.0 2224.5 243.0 59.0 1419.0 2477.0 716.0 50.0 291.0 2478.5 69.0 45.0 spam
2 2448 3264 1419.0 2477.0 716.0 50.0 291.0 2478.5 69.0 45.0 502.0 2479.0 289.0 54.0 question
2 2448 3264 291.0 2478.5 69.0 45.0 502.0 2479.0 289.0 54.0 1417.0 2728.0 906.0 54.0 answer
2 2448 3264 502.0 2479.0 289.0 54.0 1417.0 2728.0 906.0 54.0 298.0 2728.5 68.0 47.0 spam
2 2448 3264 1417.0 2728.0 906.0 54.0 298.0 2728.5 68.0 47.0 506.0 2732.0 207.0 52.0 question
2 2448 3264 298.0 2728.5 68.0 47.0 506.0 2732.0 207.0 52.0 0 0 0 0 answer
1 2448 3264 0 0 0 0 178.0 437.0 802.0 106.0 242.0 888.5 512.0 171.0 spam
1 2448 3264 178.0 437.0 802.0 106.0 242.0 888.5 512.0 171.0 242.0 1075.0 2170.0 92.0 question
1 2448 3264 242.0 888.5 512.0 171.0 242.0 1075.0 2170.0 92.0 273.0 1450.5 1982.0 345.0 answer
1 2448 3264 242.0 1075.0 2170.0 92.0 273.0 1450.5 1982.0 345.0 229.0 1907.0 514.0 158.0 spam
1 2448 3264 273.0 1450.5 1982.0 345.0 229.0 1907.0 514.0 158.0 300.0 2051.5 1120.0 87.0 question
1 2448 3264 229.0 1907.0 514.0 158.0 300.0 2051.5 1120.0 87.0 248.0 2373.0 645.0 146.0 answer
1 2448 3264 300.0 2051.5 1120.0 87.0 248.0 2373.0 645.0 146.0 325.0 2508.5 700.0 91.0 question
1 2448 3264 248.0 2373.0 645.0 146.0 325.0 2508.5 700.0 91.0 0 0 0 0 answer
2 2448 3264 0 0 0 0 483.0 19.0 99.0 22.0 816.0 24.5 108.0 31.0 spam
2 2448 3264 483.0 19.0 99.0 22.0 816.0 24.5 108.0 31.0 2136.0 40.0 103.0 44.0 spam
2 2448 3264 816.0 24.5 108.0 31.0 2136.0 40.0 103.0 44.0 1.0 127.5 188.0 45.0 spam
2 2448 3264 2136.0 40.0 103.0 44.0 1.0 127.5 188.0 45.0 430.0 444.5 243.0 67.0 spam
2 2448 3264 1.0 127.5 188.0 45.0 430.0 444.5 243.0 67.0 1565.0 456.5 438.0 71.0 question
2 2448 3264 430.0 444.5 243.0 67.0 1565.0 456.5 438.0 71.0 231.0 684.5 18.0 63.0 answer
2 2448 3264 1565.0 456.5 438.0 71.0 231.0 684.5 18.0 63.0 436.0 688.0 218.0 66.0 spam
2 2448 3264 231.0 684.5 18.0 63.0 436.0 688.0 218.0 66.0 1561.0 703.0 231.0 70.0 question
2 2448 3264 436.0 688.0 218.0 66.0 1561.0 703.0 231.0 70.0 229.0 929.0 39.0 62.0 answer
2 2448 3264 1561.0 703.0 231.0 70.0 229.0 929.0 39.0 62.0 441.0 938.5 412.0 71.0 spam
2 2448 3264 229.0 929.0 39.0 62.0 441.0 938.5 412.0 71.0 1554.0 947.0 828.0 76.0 question
2 2448 3264 441.0 938.5 412.0 71.0 1554.0 947.0 828.0 76.0 235.0 1103.5 36.0 61.0 answer
2 2448 3264 1554.0 947.0 828.0 76.0 235.0 1103.5 36.0 61.0 444.0 1120.5 735.0 87.0 spam
2 2448 3264 235.0 1103.5 36.0 61.0 444.0 1120.5 735.0 87.0 1553.0 1117.5 238.0 63.0 question
2 2448 3264 444.0 1120.5 735.0 87.0 1553.0 1117.5 238.0 63.0 235.0 1344.5 42.0 57.0 answer
2 2448 3264 1553.0 1117.5 238.0 63.0 235.0 1344.5 42.0 57.0 448.0 1349.5 340.0 67.0 spam 
2 2448 3264 235.0 1344.5 42.0 57.0 448.0 1349.5 340.0 67.0 1547.0 1352.0 859.0 66.0 question
2 2448 3264 448.0 1349.5 340.0 67.0 1547.0 1352.0 859.0 66.0 1523.0 1997.5 636.0 913.0 answer