720,1560,0,0,0,0,529.0,31.0,143.0,22.0,49.0,33.0,124.0,28.0,1000,
720,1560,529.0,31.0,143.0,22.0,49.0,33.0,124.0,28.0,145.0,122.5,350.0,29.0,1000,
720,1560,49.0,33.0,124.0,28.0,145.0,122.5,350.0,29.0,67.0,214.0,116.0,22.0,1000,
720,1560,145.0,122.5,350.0,29.0,67.0,214.0,116.0,22.0,66.0,329.0,511.0,104.0,5000,
720,1560,67.0,214.0,116.0,22.0,66.0,329.0,511.0,104.0,67.0,507.5,93.0,23.0,9000,
720,1560,66.0,329.0,511.0,104.0,67.0,507.5,93.0,23.0,66.0,637.0,561.0,136.0,5000,
720,1560,67.0,507.5,93.0,23.0,66.0,637.0,561.0,136.0,67.0,836.0,104.0,22.0,9000,
720,1560,66.0,637.0,561.0,136.0,67.0,836.0,104.0,22.0,65.0,986.0,525.0,174.0,5000,
720,1560,67.0,836.0,104.0,22.0,65.0,986.0,525.0,174.0,67.0,1207.0,129.0,30.0,9000,
720,1560,65.0,986.0,525.0,174.0,67.0,1207.0,129.0,30.0,66.0,1297.5,513.0,61.0,5000,
720,1560,67.0,1207.0,129.0,30.0,66.0,1297.5,513.0,61.0,265.0,1402.0,190.0,26.0,9000,
720,1560,66.0,1297.5,513.0,61.0,265.0,1402.0,190.0,26.0,345.0,1512.5,32.0,31.0,1000,
720,1560,265.0,1402.0,190.0,26.0,345.0,1512.5,32.0,31.0,0,0,0,0,1000,
720,1560,0,0,0,0,529.0,30.5,109.0,23.0,49.0,33.0,125.0,30.0,1000,
720,1560,529.0,30.5,109.0,23.0,49.0,33.0,125.0,30.0,139.0,124.0,387.0,40.0,1000,
720,1560,49.0,33.0,125.0,30.0,139.0,124.0,387.0,40.0,67.0,213.5,69.0,23.0,1000,
720,1560,139.0,124.0,387.0,40.0,67.0,213.5,69.0,23.0,65.0,325.5,546.0,99.0,5000,
720,1560,67.0,213.5,69.0,23.0,65.0,325.5,546.0,99.0,67.0,505.5,112.0,27.0,9000,
720,1560,65.0,325.5,546.0,99.0,67.0,505.5,112.0,27.0,67.0,579.5,257.0,23.0,5000,
720,1560,67.0,505.5,112.0,27.0,67.0,579.5,257.0,23.0,66.0,721.0,354.0,22.0,9000,
720,1560,67.0,579.5,257.0,23.0,66.0,721.0,354.0,22.0,66.0,798.0,240.0,28.0,5000,
720,1560,66.0,721.0,354.0,22.0,66.0,798.0,240.0,28.0,67.0,936.5,164.0,27.0,9000,
720,1560,66.0,798.0,240.0,28.0,67.0,936.5,164.0,27.0,66.0,1030.5,507.0,61.0,5000,
720,1560,67.0,936.5,164.0,27.0,66.0,1030.5,507.0,61.0,66.0,1191.5,86.0,25.0,9000,
720,1560,66.0,1030.5,507.0,61.0,66.0,1191.5,86.0,25.0,65.0,1268.0,330.0,28.0,5000,
720,1560,66.0,1191.5,86.0,25.0,65.0,1268.0,330.0,28.0,265.0,1402.0,190.0,26.0,9000,
720,1560,65.0,1268.0,330.0,28.0,265.0,1402.0,190.0,26.0,343.0,1512.5,34.0,31.0,1000,
720,1560,265.0,1402.0,190.0,26.0,343.0,1512.5,34.0,31.0,0,0,0,0,1000,
720,1560,0,0,0,0,529.0,31.0,109.0,26.0,49.0,31.0,125.0,26.0,1000,
720,1560,529.0,31.0,109.0,26.0,49.0,31.0,125.0,26.0,147.0,126.0,377.0,36.0,1000,
720,1560,49.0,31.0,125.0,26.0,147.0,126.0,377.0,36.0,66.0,278.0,201.0,22.0,1000,
720,1560,147.0,126.0,377.0,36.0,66.0,278.0,201.0,22.0,66.0,355.5,228.0,31.0,5000,
720,1560,66.0,278.0,201.0,22.0,66.0,355.5,228.0,31.0,66.0,495.0,216.0,20.0,9000,
720,1560,66.0,355.5,228.0,31.0,66.0,495.0,216.0,20.0,66.0,571.0,380.0,28.0,5000,
720,1560,66.0,495.0,216.0,20.0,66.0,571.0,380.0,28.0,65.0,712.0,100.0,28.0,9000,
720,1560,66.0,571.0,380.0,28.0,65.0,712.0,100.0,28.0,65.0,787.0,152.0,28.0,5000,
720,1560,65.0,712.0,100.0,28.0,65.0,787.0,152.0,28.0,65.0,926.5,76.0,21.0,9000,
720,1560,65.0,787.0,152.0,28.0,65.0,926.5,76.0,21.0,66.0,1003.0,141.0,28.0,5000,
720,1560,65.0,926.5,76.0,21.0,66.0,1003.0,141.0,28.0,66.0,1144.0,167.0,30.0,9000,
720,1560,66.0,1003.0,141.0,28.0,66.0,1144.0,167.0,30.0,65.0,1218.5,186.0,29.0,5000,
720,1560,66.0,1144.0,167.0,30.0,65.0,1218.5,186.0,29.0,265.0,1402.0,190.0,26.0,9000,
720,1560,65.0,1218.5,186.0,29.0,265.0,1402.0,190.0,26.0,344.0,1510.0,33.0,32.0,1000,
720,1560,265.0,1402.0,190.0,26.0,344.0,1510.0,33.0,32.0,0,0,0,0,1000,
720,1560,0,0,0,0,529.0,31.0,143.0,22.0,49.0,33.0,124.0,28.0,1000,
720,1560,529.0,31.0,143.0,22.0,49.0,33.0,124.0,28.0,145.0,122.5,350.0,29.0,1000,
720,1560,49.0,33.0,124.0,28.0,145.0,122.5,350.0,29.0,67.0,214.0,116.0,22.0,1000,
720,1560,145.0,122.5,350.0,29.0,67.0,214.0,116.0,22.0,66.0,329.0,511.0,104.0,5000,
720,1560,67.0,214.0,116.0,22.0,66.0,329.0,511.0,104.0,67.0,507.5,93.0,23.0,9000,
720,1560,66.0,329.0,511.0,104.0,67.0,507.5,93.0,23.0,66.0,637.0,561.0,136.0,5000,
720,1560,67.0,507.5,93.0,23.0,66.0,637.0,561.0,136.0,67.0,836.0,104.0,22.0,9000,
720,1560,66.0,637.0,561.0,136.0,67.0,836.0,104.0,22.0,65.0,986.0,525.0,174.0,5000,
720,1560,67.0,836.0,104.0,22.0,65.0,986.0,525.0,174.0,67.0,1207.0,129.0,30.0,9000,
720,1560,65.0,986.0,525.0,174.0,67.0,1207.0,129.0,30.0,66.0,1297.5,513.0,61.0,5000,
720,1560,67.0,1207.0,129.0,30.0,66.0,1297.5,513.0,61.0,265.0,1402.0,190.0,26.0,9000,
720,1560,66.0,1297.5,513.0,61.0,265.0,1402.0,190.0,26.0,345.0,1512.5,32.0,31.0,1000,
720,1560,265.0,1402.0,190.0,26.0,345.0,1512.5,32.0,31.0,0,0,0,0,1000,
720,1560,0,0,0,0,50.0,48.0,68.0,20.0,146.0,121.5,193.0,33.0,1000,
720,1560,50.0,48.0,68.0,20.0,146.0,121.5,193.0,33.0,65.0,180.5,246.0,13.0,1000,
720,1560,146.0,121.5,193.0,33.0,65.0,180.5,246.0,13.0,66.0,219.0,400.0,34.0,1000,
720,1560,65.0,180.5,246.0,13.0,66.0,219.0,400.0,34.0,518.0,313.0,104.0,28.0,1000,
720,1560,66.0,219.0,400.0,34.0,518.0,313.0,104.0,28.0,33.0,314.0,86.0,24.0,1000,
720,1560,518.0,313.0,104.0,28.0,33.0,314.0,86.0,24.0,67.0,414.0,97.0,22.0,1000,
720,1560,33.0,314.0,86.0,24.0,67.0,414.0,97.0,22.0,65.0,507.5,507.0,61.0,5000,
720,1560,67.0,414.0,97.0,22.0,65.0,507.5,507.0,61.0,66.0,668.0,87.0,22.0,9000,
720,1560,65.0,507.5,507.0,61.0,66.0,668.0,87.0,22.0,66.0,744.0,191.0,26.0,5000,
720,1560,66.0,668.0,87.0,22.0,66.0,744.0,191.0,26.0,65.0,886.5,99.0,27.0,9000,
720,1560,66.0,744.0,191.0,26.0,65.0,886.5,99.0,27.0,65.0,961.0,234.0,28.0,5000,
720,1560,65.0,886.5,99.0,27.0,65.0,961.0,234.0,28.0,66.0,1102.0,116.0,30.0,9000,
720,1560,65.0,961.0,234.0,28.0,66.0,1102.0,116.0,30.0,65.0,1177.0,430.0,28.0,5000,
720,1560,66.0,1102.0,116.0,30.0,65.0,1177.0,430.0,28.0,65.0,1316.5,114.0,23.0,9000,
720,1560,65.0,1177.0,430.0,28.0,65.0,1316.5,114.0,23.0,265.0,1402.0,190.0,26.0,1000,
720,1560,65.0,1316.5,114.0,23.0,265.0,1402.0,190.0,26.0,339.0,1513.0,32.0,34.0,1000,
720,1560,265.0,1402.0,190.0,26.0,339.0,1513.0,32.0,34.0,0,0,0,0,1000,
2448,3264,0,0,0,0,178.0,437.0,802.0,106.0,242.0,888.5,512.0,171.0,1000,
2448,3264,178.0,437.0,802.0,106.0,242.0,888.5,512.0,171.0,242.0,1075.0,2170.0,92.0,5000,
2448,3264,242.0,888.5,512.0,171.0,242.0,1075.0,2170.0,92.0,273.0,1450.5,1982.0,345.0,9000,
2448,3264,242.0,1075.0,2170.0,92.0,273.0,1450.5,1982.0,345.0,229.0,1907.0,514.0,158.0,1000,
2448,3264,273.0,1450.5,1982.0,345.0,229.0,1907.0,514.0,158.0,300.0,2051.5,1120.0,87.0,5000,
2448,3264,229.0,1907.0,514.0,158.0,300.0,2051.5,1120.0,87.0,248.0,2373.0,645.0,146.0,9000,
2448,3264,300.0,2051.5,1120.0,87.0,248.0,2373.0,645.0,146.0,325.0,2508.5,700.0,91.0,5000,
2448,3264,248.0,2373.0,645.0,146.0,325.0,2508.5,700.0,91.0,0,0,0,0,9000