2448 3264 0 0 0 0 1.0 70.5 1057.0 81.0 1296.0 216.0 459.0 46.0 spam
2448 3264 1.0 70.5 1057.0 81.0 1296.0 216.0 459.0 46.0 38.0 504.5 2026.0 99.0 spam
2448 3264 1296.0 216.0 459.0 46.0 38.0 504.5 2026.0 99.0 2323.0 528.0 125.0 70.0 spam 	
2448 3264 38.0 504.5 2026.0 99.0 2323.0 528.0 125.0 70.0 56.0 591.0 110.0 48.0 spam
2448 3264 2323.0 528.0 125.0 70.0 56.0 591.0 110.0 48.0 402.0 792.5 269.0 45.0 spam
2448 3264 56.0 591.0 110.0 48.0 402.0 792.5 269.0 45.0 1288.0 816.0 965.0 68.0 question
2448 3264 402.0 792.5 269.0 45.0 1288.0 816.0 965.0 68.0 411.0 1052.5 308.0 45.0 answer
2448 3264 1288.0 816.0 965.0 68.0 411.0 1052.5 308.0 45.0 1285.0 1065.5 465.0 47.0 question
2448 3264 411.0 1052.5 308.0 45.0 1285.0 1065.5 465.0 47.0 226.0 1301.0 50.0 44.0 answer
2448 3264 1285.0 1065.5 465.0 47.0 226.0 1301.0 50.0 44.0 419.0 1304.0 177.0 44.0 spam
2448 3264 226.0 1301.0 50.0 44.0 419.0 1304.0 177.0 44.0 1282.0 1314.0 185.0 44.0 question
2448 3264 419.0 1304.0 177.0 44.0 1282.0 1314.0 185.0 44.0 429.0 1548.5 113.0 41.0 answer
2448 3264 1282.0 1314.0 185.0 44.0 429.0 1548.5 113.0 41.0 1279.0 1561.0 625.0 50.0 question
2448 3264 429.0 1548.5 113.0 41.0 1279.0 1561.0 625.0 50.0 436.0 1789.0 193.0 40.0 answer
2448 3264 1279.0 1561.0 625.0 50.0 436.0 1789.0 193.0 40.0 1276.0 1796.5 767.0 47.0 question
2448 3264 436.0 1789.0 193.0 40.0 1276.0 1796.5 767.0 47.0 250.0 2022.0 58.0 50.0 answer
2448 3264 1276.0 1796.5 767.0 47.0 250.0 2022.0 58.0 50.0 439.0 2028.0 303.0 48.0 spam
2448 3264 250.0 2022.0 58.0 50.0 439.0 2028.0 303.0 48.0 1274.0 2026.0 508.0 44.0 question
2448 3264 439.0 2028.0 303.0 48.0 1274.0 2026.0 508.0 44.0 114.0 2279.5 1099.0 55.0 answer
2448 3264 1274.0 2026.0 508.0 44.0 114.0 2279.5 1099.0 55.0 2291.0 2288.0 147.0 54.0 spam 
2448 3264 114.0 2279.5 1099.0 55.0 2291.0 2288.0 147.0 54.0 1270.0 2471.5 289.0 45.0 spam
2448 3264 2291.0 2288.0 147.0 54.0 1270.0 2471.5 289.0 45.0 264.0 2478.0 50.0 42.0 spam
2448 3264 1270.0 2471.5 289.0 45.0 264.0 2478.0 50.0 42.0 449.0 2477.0 135.0 40.0 question
2448 3264 264.0 2478.0 50.0 42.0 449.0 2477.0 135.0 40.0 0 0 0 0 answer
2448 3264 0 0 0 0 225.0 186.0 61.0 54.0 445.0 189.0 166.0 48.0 spam
2448 3264 225.0 186.0 61.0 54.0 445.0 189.0 166.0 48.0 1450.0 205.5 354.0 55.0 question
2448 3264 445.0 189.0 166.0 48.0 1450.0 205.5 354.0 55.0 223.0 486.5 416.0 73.0 answer
2448 3264 1450.0 205.5 354.0 55.0 223.0 486.5 416.0 73.0 1446.0 504.0 426.0 64.0 question
2448 3264 223.0 486.5 416.0 73.0 1446.0 504.0 426.0 64.0 462.0 784.5 406.0 59.0 answer
2448 3264 1446.0 504.0 426.0 64.0 462.0 784.5 406.0 59.0 1441.0 795.5 816.0 63.0 question
2448 3264 462.0 784.5 406.0 59.0 1441.0 795.5 816.0 63.0 254.0 1057.0 60.0 54.0 answer
2448 3264 1441.0 795.5 816.0 63.0 254.0 1057.0 60.0 54.0 469.0 1070.0 187.0 62.0 spam
2448 3264 254.0 1057.0 60.0 54.0 469.0 1070.0 187.0 62.0 1435.0 1077.5 844.0 63.0 question
2448 3264 469.0 1070.0 187.0 62.0 1435.0 1077.5 844.0 63.0 256.0 1337.5 74.0 49.0 answer
2448 3264 1435.0 1077.5 844.0 63.0 256.0 1337.5 74.0 49.0 480.0 1341.5 149.0 45.0 spam
2448 3264 256.0 1337.5 74.0 49.0 480.0 1341.5 149.0 45.0 1423.0 1354.5 894.0 57.0 question
2448 3264 480.0 1341.5 149.0 45.0 1423.0 1354.5 894.0 57.0 274.0 1608.0 56.0 48.0 answer
2448 3264 1423.0 1354.5 894.0 57.0 274.0 1608.0 56.0 48.0 1416.0 1667.5 850.0 151.0 spam
2448 3264 274.0 1608.0 56.0 48.0 1416.0 1667.5 850.0 151.0 487.0 1618.5 220.0 51.0 answer
2448 3264 1416.0 1667.5 850.0 151.0 487.0 1618.5 220.0 51.0 278.0 1960.0 71.0 52.0 question
2448 3264 487.0 1618.5 220.0 51.0 278.0 1960.0 71.0 52.0 1423.0 1968.0 597.0 60.0 spam
2448 3264 278.0 1960.0 71.0 52.0 1423.0 1968.0 597.0 60.0 495.0 1961.0 266.0 42.0 question
2448 3264 1423.0 1968.0 597.0 60.0 495.0 1961.0 266.0 42.0 1421.0 2218.0 525.0 44.0 answer
2448 3264 495.0 1961.0 266.0 42.0 1421.0 2218.0 525.0 44.0 286.0 2221.5 67.0 45.0 spam
2448 3264 1421.0 2218.0 525.0 44.0 286.0 2221.5 67.0 45.0 499.0 2224.5 243.0 59.0 question
2448 3264 286.0 2221.5 67.0 45.0 499.0 2224.5 243.0 59.0 1419.0 2477.0 716.0 50.0 answer
2448 3264 499.0 2224.5 243.0 59.0 1419.0 2477.0 716.0 50.0 291.0 2478.5 69.0 45.0 spam
2448 3264 1419.0 2477.0 716.0 50.0 291.0 2478.5 69.0 45.0 502.0 2479.0 289.0 54.0 question
2448 3264 291.0 2478.5 69.0 45.0 502.0 2479.0 289.0 54.0 1417.0 2728.0 906.0 54.0 answer
2448 3264 502.0 2479.0 289.0 54.0 1417.0 2728.0 906.0 54.0 298.0 2728.5 68.0 47.0 spam
2448 3264 1417.0 2728.0 906.0 54.0 298.0 2728.5 68.0 47.0 506.0 2732.0 207.0 52.0 question
2448 3264 298.0 2728.5 68.0 47.0 506.0 2732.0 207.0 52.0 0 0 0 0 answer
2448 3264 0 0 0 0 483.0 19.0 99.0 22.0 816.0 24.5 108.0 31.0 spam
2448 3264 483.0 19.0 99.0 22.0 816.0 24.5 108.0 31.0 2136.0 40.0 103.0 44.0 spam
2448 3264 816.0 24.5 108.0 31.0 2136.0 40.0 103.0 44.0 1.0 127.5 188.0 45.0 spam
2448 3264 2136.0 40.0 103.0 44.0 1.0 127.5 188.0 45.0 430.0 444.5 243.0 67.0 spam
2448 3264 1.0 127.5 188.0 45.0 430.0 444.5 243.0 67.0 1565.0 456.5 438.0 71.0 question
2448 3264 430.0 444.5 243.0 67.0 1565.0 456.5 438.0 71.0 231.0 684.5 18.0 63.0 answer
2448 3264 1565.0 456.5 438.0 71.0 231.0 684.5 18.0 63.0 436.0 688.0 218.0 66.0 spam
2448 3264 231.0 684.5 18.0 63.0 436.0 688.0 218.0 66.0 1561.0 703.0 231.0 70.0 question
2448 3264 436.0 688.0 218.0 66.0 1561.0 703.0 231.0 70.0 229.0 929.0 39.0 62.0 answer
2448 3264 1561.0 703.0 231.0 70.0 229.0 929.0 39.0 62.0 441.0 938.5 412.0 71.0 spam
2448 3264 229.0 929.0 39.0 62.0 441.0 938.5 412.0 71.0 1554.0 947.0 828.0 76.0 question
2448 3264 441.0 938.5 412.0 71.0 1554.0 947.0 828.0 76.0 235.0 1103.5 36.0 61.0 answer
2448 3264 1554.0 947.0 828.0 76.0 235.0 1103.5 36.0 61.0 444.0 1120.5 735.0 87.0 spam
2448 3264 235.0 1103.5 36.0 61.0 444.0 1120.5 735.0 87.0 1553.0 1117.5 238.0 63.0 question
2448 3264 444.0 1120.5 735.0 87.0 1553.0 1117.5 238.0 63.0 235.0 1344.5 42.0 57.0 answer
2448 3264 1553.0 1117.5 238.0 63.0 235.0 1344.5 42.0 57.0 448.0 1349.5 340.0 67.0 spam 
2448 3264 235.0 1344.5 42.0 57.0 448.0 1349.5 340.0 67.0 1547.0 1352.0 859.0 66.0 question
2448 3264 448.0 1349.5 340.0 67.0 1547.0 1352.0 859.0 66.0 1523.0 1997.5 636.0 913.0 answer